37.879205 37.880025
38.434575 38.435155
38.970360 38.971350
38.994230 38.995180
39.478645 39.479415
39.502660 39.503295
39.979405 39.980185
40.003325 40.004095
40.501850 40.502405
41.007245 41.007860
41.500605 41.501410
41.949525 41.950145
41.973360 41.973975
42.400650 42.401400
42.424800 42.425465
42.840495 42.841175
43.267300 43.267935
104.651050 104.651785
105.205015 105.205805
105.755035 105.755770
106.300410 106.301380
106.841740 106.842505
107.377730 107.378405
107.404550 107.405130
107.905010 107.906040
108.268025 108.268640
108.427910 108.428580
108.705600 108.706380
108.716645 108.717025
108.729675 108.730605
108.949980 108.950665
109.141545 109.142270
109.474560 109.475235
109.572690 109.573380
110.003355 110.004040
110.018500 110.019040
110.523990 110.524735
111.057005 111.057740
111.585735 111.586960
112.114760 112.115480
112.638595 112.639455
112.708865 112.709645
113.136370 113.137140
113.161750 113.162590
113.566030 113.566765
113.576920 113.577355
113.668255 113.669400
113.992480 113.993135
114.186115 114.187110
114.422115 114.422850
117.575465 117.576185
118.017395 118.018270
118.028495 118.028830
118.507485 118.508370
118.518445 118.518805
119.056280 119.057045
119.544070 119.544800
119.996600 119.997415
120.007625 120.008035
120.446925 120.447745
120.904665 120.905455
126.571440 126.572180
489.644330 489.645315
599.991470 599.992435
600.943905 600.945230
600.953220 600.954005
615.714540 615.715655
616.742270 616.743015
628.364560 628.365145
628.365960 628.366555
628.715230 628.716060
628.716890 628.717465
629.026620 629.027200
629.028250 629.028795
630.098715 630.099335
630.493430 630.494090
630.871680 630.872310
631.280120 631.280755
632.117200 632.117830
633.343705 633.344300
633.345375 633.345975
634.172570 634.173400
634.586870 634.587335
647.906885 647.907430
649.500640 649.501385
652.786850 652.787570
654.472570 654.473085
661.107080 661.107540
694.680560 694.681300
724.047680 724.048410
746.908120 746.908455
758.267765 758.268300
759.515335 759.516360
760.188265 760.188575
760.538830 760.539130
761.237490 761.238520
761.239180 761.239785
761.601850 761.602485
761.603410 761.604010
761.972770 761.973385
761.974210 761.974885
762.347370 762.348140
763.078250 763.079075
763.445315 763.446060
877.038210 877.038420
877.526430 877.527365
929.207850 929.208510
930.325825 930.326400
930.696545 930.697145
931.070895 931.071485
931.447885 931.448485
931.823635 931.824230
932.203850 932.204445
932.959420 932.959985
947.031085 947.032250
947.668865 947.670335
1037.324650 1037.325370
1044.727610 1044.728400
1048.208185 1048.209085
1049.022975 1049.023520
1049.966320 1049.967235
1114.304000 1114.304480
1132.066785 1132.067445
1132.375405 1132.376785
1132.692270 1132.693450
1133.021820 1133.023055
1133.358865 1133.360110
1133.702370 1133.703540
1134.045045 1134.046250
1134.427635 1134.428310
1154.686400 1154.687395
1155.954755 1155.955395
1193.079625 1193.080205
1193.587915 1193.588790
1194.171935 1194.172715
1194.698175 1194.698690
1195.228430 1195.229020
1199.670280 1199.671205
1200.326460 1200.327075
1200.974620 1200.975350
1205.819450 1205.820355
1206.329820 1206.330740
1206.785050 1206.785790
1207.222280 1207.222980
1210.089850 1210.090405
1210.676085 1210.676685
1211.286095 1211.286685
1211.836765 1211.837150
1212.399045 1212.399660
1213.030315 1213.030925
1213.598650 1213.599175
1214.172520 1214.173035
1214.472525 1214.472980
1214.734700 1214.735650
1215.274415 1215.275710
1215.719505 1215.720280
1215.798290 1215.799325
1216.311045 1216.312275
1216.811900 1216.813180
1217.309505 1217.310395
1217.796345 1217.797445
1218.289450 1218.290530
1218.769875 1218.771090
1219.247480 1219.248825
1219.724320 1219.725040
1220.695555 1220.696230
1221.162180 1221.162655
1221.360465 1221.361275
1221.628645 1221.629125
1221.983840 1221.984660
1222.092225 1222.092610
1222.556160 1222.556750
1229.633320 1229.633780
1230.060915 1230.061635
1230.485650 1230.486255
1230.912350 1230.912920
1231.336520 1231.337285
1231.754020 1231.754375
1232.168830 1232.169210
1232.589020 1232.590245
1233.006040 1233.006465
1233.850900 1233.851295
1234.267575 1234.268000
1234.691735 1234.692300
1235.123945 1235.124765
1236.010265 1236.010675
1241.579990 1241.581230
1242.094040 1242.094835
1242.585225 1242.586050
1243.061410 1243.062100
1243.506550 1243.507175
1243.939890 1243.940520
1244.365665 1244.366350
1244.788235 1244.788955
1245.111540 1245.111860
1245.203550 1245.204195
1245.618110 1245.618945
1245.791705 1245.792680
1246.040840 1246.041155
1246.416020 1246.416800
1281.194730 1281.195270
1281.784825 1281.785360
1282.398150 1282.398685
1282.995350 1282.995930
1283.570890 1283.571330
1284.151735 1284.152190
1292.717285 1292.717975
1293.214245 1293.214775
1293.316755 1293.317725
1294.580520 1294.581485
1295.694855 1295.695660
1296.736975 1296.737770
1297.799255 1297.799680
1298.897140 1298.897940
1300.525130 1300.525925
1300.975210 1300.976115
1301.216150 1301.216950
1301.444135 1301.445045
1301.942530 1301.943460
1302.333045 1302.333890
1302.380075 1302.380915
1303.500490 1303.501435
1304.783575 1304.784460
1305.978960 1305.979445
1307.085295 1307.086110
1308.215795 1308.216620
1309.307490 1309.308130
1310.788195 1310.789005
1311.622890 1311.624060
1312.492015 1312.493200
1344.613120 1344.614255
1350.588670 1350.589605
1357.592320 1357.592985
1359.910925 1359.911365
1360.474825 1360.475490
1361.011690 1361.012415
1362.732410 1362.733080
1362.904360 1362.904860
1363.272410 1363.273005
1366.695075 1366.695575
1367.260640 1367.261480
1367.817525 1367.818080
1368.424965 1368.425515
1368.975120 1368.975950
1369.531775 1369.532615
1371.872625 1371.873430
1372.456605 1372.457415
1373.053415 1373.053950
1373.599850 1373.600575
1374.069760 1374.070470
1374.502850 1374.503465
1436.455370 1436.455985
1437.017585 1437.018095
1437.640745 1437.641565
1438.286555 1438.287210
1438.920705 1438.921365
1439.517615 1439.518345
1444.002645 1444.003245
1444.599275 1444.599660
1445.246100 1445.247090
1445.861605 1445.862310
1500.738735 1500.739355
1501.064005 1501.064980
1501.397570 1501.398555
1501.734105 1501.735145
1502.802340 1502.803255
1503.174020 1503.175120
1503.533360 1503.534625
1537.546000 1537.546615
1538.019805 1538.020425
1538.957530 1538.958155
1539.429225 1539.429940
1539.893485 1539.894225
1540.362755 1540.363475
1540.810585 1540.811260
1541.255985 1541.256760
1541.691740 1541.692530
1542.126555 1542.127055
1542.535930 1542.536470
1542.914850 1542.915430
1578.717955 1578.718310
1584.753785 1584.754295
1584.985675 1584.986720
1584.987355 1584.988190
1585.380355 1585.380905
1585.390080 1585.390750
1585.774365 1585.775050
1585.988190 1585.988685
1586.711565 1586.712470
1586.896975 1586.897855
1587.378345 1587.378985
1588.005415 1588.005975
1588.618120 1588.618770
1592.301765 1592.302650
1592.956765 1592.957660
1593.625905 1593.626555
1594.250965 1594.251635
1594.887790 1594.888585
1595.541160 1595.541850
1596.152185 1596.152870
1596.764470 1596.765065
1598.682755 1598.683380
1599.206960 1599.207595
1635.909880 1635.910530
1636.232515 1636.233615
1636.566025 1636.567150
1636.922955 1636.924075
1637.307285 1637.308730
1638.169890 1638.170410
1638.640020 1638.641150
1638.670310 1638.670880
1639.658945 1639.659710
1705.899355 1705.899885
1705.900805 1705.901500
1706.368760 1706.369455
1706.546945 1706.547715
1707.046480 1707.047120
1707.224565 1707.225680
1711.525275 1711.526190
1712.040065 1712.040835
1712.216995 1712.217825
1722.523460 1722.523910
1722.528250 1722.529535
1726.317835 1726.318085
1743.308050 1743.308660
1748.705100 1748.705885
1839.161625 1839.162715
1842.149820 1842.150500
1847.953640 1847.954245
1848.650130 1848.650705
1849.318085 1849.318885
1849.974875 1849.975455
1850.635200 1850.635820
1851.310550 1851.311275
1851.951675 1851.952370
1851.982150 1851.982785
1852.993065 1852.993490
1853.802695 1853.803335
1856.159610 1856.160090
1856.690790 1856.691290
1857.246860 1857.247315
1858.348580 1858.349235
1859.117730 1859.118130
1859.212030 1859.212560
1859.275345 1859.275985
1859.500795 1859.501240
1859.607030 1859.607295
1859.970460 1859.971135
1903.825610 1903.826145
1913.966755 1913.967965
1931.722765 1931.723605
1932.468340 1932.469360
1933.098075 1933.098850
1933.666405 1933.667240
1934.222835 1934.223590
1934.775365 1934.776245
1977.955195 1977.955495
2001.938170 2001.939340
2006.978555 2006.979620
2006.980245 2006.980960
2007.636775 2007.638035
2017.880855 2017.881750
2018.533275 2018.534260
2021.678705 2021.679735
2023.346105 2023.346780
2023.349155 2023.349740
2023.940350 2023.941675
2023.943375 2023.944485
2023.957585 2023.957755
2024.473375 2024.474655
2024.968760 2024.970105
2024.971525 2024.972550
2025.274820 2025.275090
2025.472905 2025.473585
2026.265555 2026.266360
2026.781655 2026.781870
2026.941035 2026.941330
2029.941725 2029.942095
2036.059620 2036.060240
2038.627420 2038.628250
2039.398840 2039.399600
2040.094955 2040.095865
2040.228945 2040.230130
2040.722930 2040.723880
2040.856945 2040.858060
2041.477680 2041.478640
2042.174365 2042.175110
2045.823070 2045.824120
2046.485685 2046.486765
2047.156045 2047.157040
2047.772345 2047.773325
2048.536125 2048.536990
2050.580705 2050.581675
2051.303190 2051.304105
2053.995855 2053.996795
2054.615410 2054.616400
2054.666995 2054.667565
2055.700200 2055.701195
2056.228585 2056.229645
2057.688725 2057.689115
2058.382700 2058.383215
2058.395205 2058.395745
2058.976115 2058.976980
2059.505180 2059.505840
2060.037715 2060.038420
2061.790165 2061.791245
2062.170725 2062.170935
2062.539080 2062.540120
2063.104045 2063.105050
2063.655785 2063.656815
2107.470175 2107.471235
2111.404010 2111.405315
2111.970260 2111.971310
2115.303900 2115.304935
2116.354485 2116.355410
2118.599470 2118.599875
2119.141380 2119.142350
2120.703090 2120.703990
2121.217640 2121.218755
2122.494890 2122.495685
2123.060590 2123.061040
2123.597095 2123.598255
2124.129080 2124.130255
2125.237110 2125.238060
2125.719235 2125.720180
2126.222905 2126.223745
2126.238795 2126.239430
2127.019770 2127.020620
2127.830280 2127.831485
2127.996870 2127.997860
2129.044165 2129.044850
2129.592895 2129.593945
2130.160100 2130.161245
2130.648765 2130.649485
2131.122910 2131.123675
2134.455205 2134.456190
2134.946515 2134.947225
2135.016475 2135.017420
2135.557940 2135.558890
2136.083035 2136.083715
2136.558350 2136.559570
2137.077585 2137.078200
2137.691715 2137.692530
2138.265410 2138.266095
2138.334820 2138.335765
2138.787790 2138.788920
2138.857125 2138.858285
2139.335410 2139.336090
2139.966450 2139.967400
2140.610560 2140.611670
2141.143270 2141.144380
2141.649855 2141.650895
2142.186770 2142.187715
2142.741400 2142.742575
2142.810310 2142.811200
2143.348925 2143.350095
2143.383040 2143.383885
2143.890595 2143.891570
2144.434845 2144.435915
2144.827615 2144.828660
2145.106270 2145.107545
2145.681220 2145.682220
2145.750110 2145.750900
2146.190080 2146.190745
2146.259070 2146.259825
2146.687620 2146.688265
2146.708560 2146.709545
2146.756195 2146.757330
2147.176440 2147.177105
2147.245080 2147.246110
2147.647380 2147.648395
2147.715840 2147.716930
2148.147710 2148.148670
2148.714135 2148.714760
2148.782765 2148.783570
2149.215565 2149.216785
2149.732710 2149.733460
2150.345500 2150.346175
2150.548880 2150.550060
2150.998775 2150.999195
2151.539350 2151.540190
2152.056890 2152.058010
2152.552235 2152.553290
2153.050640 2153.051715
2153.574280 2153.575350
2154.122045 2154.123120
2154.190080 2154.191060
2154.280995 2154.281990
2154.622140 2154.622900
2154.685095 2154.685880
2154.690260 2154.691385
2155.168345 2155.169380
2156.837680 2156.838495
2157.334755 2157.335860
2157.445340 2157.446305
2157.878530 2157.879580
2158.295855 2158.296645
2158.624905 2158.625900
2158.910065 2158.911080
2159.197675 2159.198625
2159.464190 2159.465110
2159.737370 2159.737855
2159.998800 2159.999315
2161.386135 2161.387075
2161.921765 2161.922725
2164.078095 2164.079115
2164.682620 2164.683890
2165.201825 2165.202765
2165.269170 2165.270050
2165.749455 2165.750510
2165.816830 2165.817785
2165.944780 2165.944975
2166.057540 2166.058010
2166.365015 2166.366060
2166.941535 2166.942645
2167.267330 2167.267520
2167.434525 2167.434765
2167.490225 2167.491385
2167.557470 2167.558325
2167.593825 2167.594390
2168.041510 2168.042685
2168.108730 2168.109555
2168.618385 2168.619385
2169.211695 2169.212505
2169.278855 2169.279725
2169.695280 2169.696485
2169.762500 2169.763325
2169.986385 2169.987480
2170.164345 2170.165190
2170.231540 2170.232375
2170.588040 2170.589100
2170.682895 2170.683870
2170.750100 2170.750650
2171.241715 2171.242700
2171.253055 2171.254190
2171.320120 2171.320685
2171.859505 2171.860430
2171.926565 2171.927355
2172.449955 2172.450705
2172.516930 2172.517805
2173.099660 2173.100485
2173.166585 2173.167395
2173.731295 2173.732110
2173.798190 2173.799015
2174.268650 2174.270015
2174.335630 2174.336425
2174.803605 2174.804345
2174.870455 2174.871320
2175.327420 2175.328240
2175.394320 2175.394695
2175.901185 2175.902035
2176.367460 2176.368340
2176.434250 2176.435085
2176.995785 2176.996515
2177.062620 2177.063415
2177.535240 2177.536025
2177.539285 2177.539675
2177.601810 2177.602800
2178.102110 2178.102970
2178.168870 2178.169680
2178.302635 2178.303655
2178.789565 2178.790360
2178.856235 2178.857150
2179.410775 2179.411600
2179.477345 2179.478215
2179.947665 2179.948410
2180.014010 2180.015025
2180.449385 2180.450180
2180.515905 2180.516835
2181.019070 2181.020325
2181.483455 2181.484130
2181.549935 2181.550760
2182.680065 2182.680685
2182.746440 2182.747055
2183.201790 2183.202605
2183.268170 2183.269125
2183.723275 2183.724345
2183.789605 2183.790425
2184.386985 2184.387670
2184.453075 2184.454225
2185.017030 2185.017885
2185.083340 2185.084295
2185.547035 2185.547670
2185.613540 2185.614200
2186.062510 2186.063385
2186.128550 2186.129595
2186.602860 2186.603795
2186.669065 2186.670045
2187.242125 2187.242895
2187.308345 2187.309010
2187.881575 2187.882430
2187.947665 2187.948410
2188.457135 2188.457820
2188.522950 2188.523545
2189.007950 2189.009290
2189.074145 2189.074985
2189.578675 2189.579615
2189.644710 2189.645695
2190.117525 2190.118360
2190.183545 2190.184430
2190.625105 2190.625880
2190.691180 2190.691970
2191.237795 2191.238700
2191.303765 2191.304660
2191.808360 2191.809125
2191.874335 2191.874830
2192.348825 2192.349565
2192.414580 2192.415420
2193.008410 2193.009580
2193.636660 2193.637570
2194.176925 2194.177960
2194.635320 2194.636255
2194.700905 2194.702140
2195.162875 2195.163765
2195.228490 2195.229190
2195.711515 2195.712360
2195.777015 2195.778190
2196.301225 2196.302140
2196.366735 2196.368150
2196.839900 2196.840895
2196.905560 2196.906555
2197.341410 2197.342360
2197.406995 2197.408310
2197.828480 2197.829305
2197.893985 2197.895075
2198.305880 2198.306870
2198.771715 2198.772515
2198.837210 2198.838455
2199.796585 2199.797545
2201.497070 2201.498380
2202.512925 2202.513825
2202.578275 2202.579400
2203.087485 2203.088730
2205.719845 2205.721140
2206.226990 2206.227740
2206.755100 2206.755920
2206.820160 2206.821540
2207.380965 2207.382045
2207.906760 2207.907875
2208.397495 2208.398445
2208.878125 2208.879065
2211.574835 2211.575215
2212.081675 2212.082205
2212.562645 2212.563800
2214.818215 2214.819355
2215.389035 2215.390025
2215.995445 2215.996535
2216.594730 2216.595780
2216.988350 2216.989610
2217.443370 2217.444335
2218.036695 2218.037850
2218.651530 2218.652610
2219.174910 2219.176060
2220.124480 2220.125245
2220.685530 2220.686380
2221.271425 2221.272465
2221.888140 2221.889055
2222.482785 2222.483740
2223.039665 2223.040490
2223.574825 2223.575650
2225.515615 2225.515855
2225.996620 2225.997240
2232.493835 2232.495140
2233.068020 2233.068600
2233.079010 2233.079600
2233.180795 2233.181380
2233.573085 2233.574095
2233.685895 2233.686200
2234.082265 2234.082975
2234.195110 2234.196320
2234.566980 2234.567780
2234.679935 2234.680730
2235.155790 2235.156390
2237.942775 2237.943700
2238.469580 2238.470380
2238.581740 2238.582870
2239.046745 2239.047700
2239.158860 2239.159960
2239.618405 2239.619180
2239.730575 2239.731545
2240.148725 2240.149590
2242.989820 2242.990585
2243.546750 2243.547720
2244.151670 2244.152255
2244.707020 2244.707925
2245.238515 2245.239505
2245.349945 2245.350795
2245.818455 2245.818775
2248.639340 2248.640360
2249.223530 2249.224515
2249.334365 2249.335545
2249.860580 2249.861445
